   671.220032       8.17951933E-02
   671.239990       6.78870380E-02
   671.260010       3.83658484E-02
   671.280029       8.29407722E-02
   671.299988       8.56930390E-02
   671.320007       3.62736061E-02
   671.340027       3.19936052E-02
   671.359985      0.103154153    
   671.380005      0.108168654    
   671.400024      0.136899143    
   671.419983       3.45081538E-02
   671.440002       6.34953827E-02
   671.460022      0.125822067    
   671.480042      0.146356702    
   671.500000       8.59725773E-02
   671.520020       4.49393652E-02
   671.540039      0.150744841    
   671.559998       6.90213740E-02
   671.580017       7.67047256E-02
   671.600037       2.04125792E-03
   671.619995      0.136974066    
   671.640015      0.123097882    
   671.660034      0.114052035    
   671.679993       1.19264945E-02
   671.700012       2.41616517E-02
   671.720032      0.110951513    
   671.739990       7.14731365E-02
   671.760010      0.140321881    
   671.780029       5.35565801E-02
   671.799988      0.154948354    
   671.820007       7.82897323E-02
   671.840027       6.51356131E-02
   671.859985      0.118866786    
   671.880005      0.102527350    
   671.900024       6.12137318E-02
   671.919983       7.92912245E-02
   671.940002      0.164028198    
   671.960022      0.109898083    
   671.980042      0.120444514    
   672.000000       3.67091745E-02
   672.020020       1.78006366E-02
   672.040039      0.164385125    
   672.059998       7.73249120E-02
   672.080017       8.07052702E-02
   672.100037       8.46752450E-02
   672.119995       4.69246916E-02
   672.140015       8.47447291E-02
   672.160034       6.39827549E-02
   672.179993      0.216398209    
   672.200012       8.26011971E-02
   672.220032       9.50450897E-02
   672.239990      0.109911129    
   672.260010       9.87178236E-02
   672.280029       1.70746893E-02
   672.299988      0.115252145    
   672.320007      0.130575269    
   672.340027       4.95599769E-02
   672.359985      -5.20668924E-04
   672.380005       9.32280496E-02
   672.400024      0.119735196    
   672.419983      0.161363304    
   672.440002      0.111572370    
   672.460022      0.213453621    
   672.480042       1.70866624E-02
   672.500000       4.96926270E-02
   672.520020       4.83914576E-02
   672.540039      0.116454504    
   672.559998      0.186921835    
   672.580017      0.126063168    
   672.600037       3.71263400E-02
   672.619995       8.58120397E-02
   672.640015      0.129703611    
   672.660034       2.00842917E-02
   672.679993      0.146613985    
   672.700012      0.114094615    
   672.720032      0.103706822    
   672.739990      0.137831211    
   672.760010       4.97868061E-02
   672.780029       5.26727736E-03
   672.799988      0.167065650    
   672.820007      0.120646268    
   672.840027       8.40635225E-02
   672.859985       6.17965870E-02
   672.880005      0.149362683    
   672.900024       6.39364719E-02
   672.919983       5.51849715E-02
   672.940002       8.62082317E-02
   672.960022       2.79656649E-02
   672.980042      0.145977929    
   673.000000       7.55881071E-02
   673.020020       1.66770667E-02
   673.040039       9.18227211E-02
   673.059998      0.118961357    
   673.080017      0.136100695    
   673.100037      0.109540358    
   673.119995       9.53865498E-02
   673.140015      0.158148319    
   673.160034      0.216582358    
   673.179993      0.161556810    
   673.200012       9.09652859E-02
   673.220032      0.162563115    
   673.239990      0.128056765    
   673.260010       8.75133500E-02
   673.280029       5.42663969E-02
   673.299988       9.81869921E-02
   673.320007       4.56591919E-02
   673.340027       5.64245060E-02
   673.359985       8.73188823E-02
   673.380005      0.122519702    
   673.400024       4.32292819E-02
   673.419983       7.67594725E-02
   673.440002       4.63338904E-02
   673.460022       4.58841324E-02
   673.480042      0.110381998    
   673.500000      0.202235907    
   673.520020       5.37151657E-02
   673.540039       8.62127542E-02
   673.559998      -2.40439177E-03
   673.580017       8.26732069E-02
   673.600037      0.150638491    
   673.619995       9.00729075E-02
   673.640015       8.74482691E-02
   673.660034      0.227296650    
   673.679993      0.146250367    
   673.700012      0.106018081    
   673.720032       9.30203125E-02
   673.739990      0.130725175    
   673.760010       4.05473709E-02
   673.780029       7.68317431E-02
   673.799988       8.27619880E-02
   673.820007      0.133144781    
   673.840027      0.134198248    
   673.859985      0.125859857    
   673.880005       9.98338759E-02
   673.900024      0.123601958    
   673.919983      -1.63331851E-02
   673.940002      0.123840041    
   673.960022      0.149786144    
   673.980042       9.17369500E-02
   674.000000      0.186734602    
   674.020020      0.139963850    
   674.040039      0.100173362    
   674.059998      0.110847913    
   674.080017      -1.60754919E-02
   674.100037      0.157298163    
   674.119995      0.116943046    
   674.140015      0.155612662    
   674.160034       9.56879854E-02
   674.179993      0.120793790    
   674.200012      0.104723275    
   674.220032       5.84173016E-02
   674.239990      0.107261434    
   674.260010      0.142903835    
   674.280029       2.97702998E-02
   674.299988       4.51386981E-02
   674.320007       5.92874698E-02
   674.340027       8.18641782E-02
   674.359985       8.34319592E-02
   674.380005      -4.83840704E-05
   674.400024       6.63700402E-02
   674.419983      0.185669154    
   674.440002      0.142914981    
   674.460022       1.11134723E-02
   674.480042      0.188970625    
   674.500000      0.107817322    
   674.520020       7.80378953E-02
   674.540039      0.113515265    
   674.559998       8.71516094E-02
   674.580017      0.105302438    
   674.600037      0.124544598    
   674.619995       6.44765794E-04
   674.640015      0.151033491    
   674.660034      0.112595320    
   674.679993       3.99875790E-02
   674.700012      0.139670953    
   674.720032      0.195908234    
   674.739990      0.161018163    
   674.760010      0.121502809    
   674.780029       5.61850034E-02
   674.799988      0.110048093    
   674.820007       7.23591447E-02
   674.840027       6.96051270E-02
   674.859985      -1.89464595E-02
   674.880005      0.102706239    
   674.900024      0.153117523    
   674.919983       6.48122132E-02
   674.940002      0.121282861    
   674.960022      0.157190815    
   674.980042       8.21603164E-02
   675.000000       5.80961183E-02
   675.020020      0.200941324    
   675.040039       7.61058778E-02
   675.059998      0.106201835    
   675.080017      0.142721191    
   675.100037      0.165759921    
   675.119995       8.23114440E-02
   675.140015      0.171644986    
   675.160034      0.164798915    
   675.179993      0.176479802    
   675.200012      0.128207296    
   675.220032      0.116242163    
   675.239990      0.132487148    
   675.260010      0.130150497    
   675.280029      0.113179274    
   675.299988       2.00101212E-02
   675.320007       5.49250394E-02
   675.340027      0.122928776    
   675.359985      0.132887557    
   675.380005      0.130020291    
   675.400024      0.201944396    
   675.419983      0.175348341    
   675.440002      0.110068940    
   675.460022       6.53803870E-02
   675.480042      0.141783208    
   675.500000      0.161257237    
   675.520020      0.125057489    
   675.540039       6.46811873E-02
   675.559998       8.53539780E-02
   675.580017      0.129051641    
   675.600037       9.78917331E-02
   675.619995      0.142873973    
   675.640015      -2.07916889E-02
   675.660034      0.132036790    
   675.679993      0.157674357    
   675.700012      0.100135215    
   675.720032      0.190582752    
   675.739990      0.157922983    
   675.760010      0.127495185    
   675.780029      0.121620238    
   675.799988      0.196785375    
   675.820007      0.125298515    
   675.840027      0.134244785    
   675.859985      0.232225046    
   675.880005       7.65483305E-02
   675.900024      0.151229247    
   675.919983      0.214589491    
   675.940002      0.142097399    
   675.960022      0.103769921    
   675.980042      0.111358091    
   676.000000      0.151612476    
   676.020020      0.168711439    
   676.040039      0.190097705    
   676.059998      0.125733107    
   676.080017       9.65181440E-02
   676.100037      0.202148974    
   676.119995      0.125929624    
   676.140015       6.59331679E-02
   676.160034      0.184328526    
   676.179993      0.258754164    
   676.200012       9.72767472E-02
   676.220032      0.171586841    
   676.239990       6.68407530E-02
   676.260010      0.172560483    
   676.280029      0.191879496    
   676.299988      0.164532214    
   676.320007      0.177606761    
   676.340027      0.227374211    
   676.359985       9.70035121E-02
   676.380005      0.205781937    
   676.400024      0.211786911    
   676.419983      0.157669127    
   676.440002      0.207469478    
   676.460022      0.236320555    
   676.480042      0.204514325    
   676.500000      0.199446172    
   676.520020      0.203184530    
   676.540039      0.167758241    
   676.559998      0.181101605    
   676.580017      0.193860650    
   676.600037      0.231684715    
   676.619995      0.178940490    
   676.640015      0.144485831    
   676.660034      0.255236179    
   676.679993      0.205672160    
   676.700012      0.158855632    
   676.720032      0.163365185    
   676.739990      0.238578513    
   676.760010      0.189072341    
   676.780029      0.210424393    
   676.799988      0.178192541    
   676.820007      0.212078750    
   676.840027      0.231545389    
   676.859985      0.188417077    
   676.880005      0.165184557    
   676.900024      0.194823176    
   676.919983      0.229361549    
   676.940002      0.211696178    
   676.960022      0.142169356    
   676.980042      0.252590358    
   677.000000      0.189725742    
   677.020020      0.270288825    
   677.040039      0.356171548    
   677.059998      0.114825226    
   677.080017      0.235813901    
   677.100037      0.192925259    
   677.119995      0.227195114    
   677.140015      0.292620122    
   677.160034      0.279574066    
   677.179993      0.218341932    
   677.200012      0.214561373    
   677.220032      0.364596575    
   677.239990      0.179952160    
   677.260010      0.351290971    
   677.280029      0.242588490    
   677.299988      0.298008651    
   677.320007      0.262124836    
   677.340027      0.220319986    
   677.359985      0.269755095    
   677.380005      0.266531646    
   677.400024      0.293638706    
   677.419983      0.343293607    
   677.440002      0.374518275    
   677.460022      0.287361264    
   677.480042      0.346600354    
   677.500000      0.282884240    
   677.520020      0.236903787    
   677.540039      0.397937596    
   677.559998      0.277582645    
   677.580017      0.268041044    
   677.600037      0.427870870    
   677.619995      0.431168437    
   677.640015      0.413008839    
   677.660034      0.310521901    
   677.679993      0.286707997    
   677.700012      0.340130091    
   677.720032      0.380885541    
   677.739990      0.432898402    
   677.760010      0.326001823    
   677.780029      0.358368009    
   677.799988      0.434989095    
   677.820007      0.465033740    
   677.840027      0.377497733    
   677.859985      0.384629428    
   677.880005      0.431942016    
   677.900024      0.369266391    
   677.919983      0.444963127    
   677.940002      0.373160183    
   677.960022      0.457985610    
   677.980042      0.368810117    
   678.000000      0.486991256    
   678.020020      0.402629673    
   678.040039      0.444379866    
   678.059998      0.523778558    
   678.080017      0.501696646    
   678.100037      0.447356850    
   678.119995      0.403285295    
   678.140015      0.500528395    
   678.160034      0.513268471    
   678.179993      0.472213954    
   678.200012      0.531033397    
   678.220032      0.543915272    
   678.239990      0.508335233    
   678.260010      0.513254166    
   678.280029      0.386955559    
   678.299988      0.494482934    
   678.320007      0.560259342    
   678.340027      0.615843534    
   678.359985      0.565698743    
   678.380005      0.519965112    
   678.400024      0.543924212    
   678.419983      0.526786208    
   678.440002      0.463071615    
   678.460022      0.509457350    
   678.480042      0.598756433    
   678.500000      0.615920782    
   678.520020      0.513317764    
   678.540039      0.539123952    
   678.559998      0.534952939    
   678.580017      0.581496656    
   678.600037      0.623599827    
   678.619995      0.579189599    
   678.640015      0.638722420    
   678.660034      0.609317541    
   678.679993      0.685418248    
   678.700012      0.565096319    
   678.720032      0.676184535    
   678.739990      0.668195426    
   678.760010      0.708646536    
   678.780029      0.576234400    
   678.799988      0.702982605    
   678.820007      0.709290206    
   678.840027      0.650565386    
   678.859985      0.702131748    
   678.880005      0.680245161    
   678.900024      0.787638426    
   678.919983      0.637176156    
   678.940002      0.715447187    
   678.960022      0.778737187    
   678.980042      0.652315080    
   679.000000      0.729371190    
   679.020020      0.692231238    
   679.040039      0.804498911    
   679.059998      0.682817042    
   679.080017      0.706423700    
   679.100037      0.649426937    
   679.119995      0.794144273    
   679.140015      0.798675716    
   679.160034      0.799930990    
   679.179993      0.740719795    
   679.200012      0.826581001    
   679.220032      0.786643445    
   679.239990      0.793636680    
   679.260010      0.764626384    
   679.280029      0.809251130    
   679.299988      0.746752918    
   679.320007      0.811418891    
   679.340027      0.845468283    
   679.359985      0.791349351    
   679.380005      0.795671165    
   679.400024      0.781805277    
   679.419983      0.754298568    
   679.440002      0.877780080    
   679.460022      0.802404165    
   679.480042      0.797642946    
   679.500000      0.913892508    
   679.520020      0.905906320    
   679.540039      0.855712116    
   679.559998      0.857193947    
   679.580017      0.873219132    
   679.600037      0.829791903    
   679.619995      0.961938381    
   679.640015      0.914927602    
   679.660034      0.893993318    
   679.679993      0.912875473    
   679.700012      0.928212881    
   679.720032      0.883741140    
   679.739990      0.863096595    
   679.760010      0.946297467    
   679.780029      0.828595579    
   679.799988      0.845545888    
   679.820007      0.911251307    
   679.840027      0.928364635    
   679.859985      0.895517647    
   679.880005      0.999049604    
   679.900024      0.885541797    
   679.919983      0.649376690    
   679.940002      0.588209748    
   679.960022      0.343981028    
   679.980042      0.162172973    
   680.000000      0.222621381    
   680.020020      0.196867108    
   680.040039      0.451033652    
   680.059998      0.549128175    
   680.080017      0.725562930    
   680.100037      0.886533499    
   680.119995      0.996130288    
   680.140015       1.07951105    
   680.160034       1.00944090    
   680.179993       1.03429317    
   680.200012       1.02681446    
   680.220032       1.06166673    
   680.239990       1.14246786    
   680.260010       1.06778502    
   680.280029       1.14035368    
   680.299988       1.04459774    
   680.320007       1.01046944    
   680.340027       1.14213979    
   680.359985       1.10231900    
   680.380005       1.10827792    
   680.400024      0.984364271    
   680.419983       1.06352222    
   680.440002       1.05301094    
   680.460022       1.01753616    
   680.480042       1.09044802    
   680.500000       1.00005388    
   680.520020       1.12333250    
   680.540039       1.01448643    
   680.559998       1.04501748    
   680.580017       1.07297003    
   680.600037       1.15569830    
   680.619995       1.10140002    
   680.640015       1.15134859    
   680.660034       1.09406376    
   680.679993      0.984258473    
   680.700012       1.00912189    
   680.720032       1.16622806    
   680.739990       1.14900661    
   680.760010       1.11833978    
   680.780029       1.20013356    
   680.799988       1.13858068    
   680.820007       1.12988055    
   680.840027       1.14476752    
   680.859985       1.03054976    
   680.880005       1.17555010    
   680.900024       1.09756207    
   680.919983       1.07416534    
   680.940002       1.10442579    
   680.960022       1.02543807    
   680.980042       1.02132380    
   681.000000       1.19855309    
   681.020020       1.07111061    
   681.040039       1.13391936    
   681.059998       1.14805841    
   681.080017      0.976291895    
   681.100037       1.11030567    
   681.119995       1.08032620    
   681.140015       1.15761423    
   681.160034       1.09778583    
   681.179993       1.08140588    
   681.200012       1.06117463    
   681.220032       1.06195641    
   681.239990       1.05852544    
   681.260010       1.10724175    
   681.280029       1.16033304    
   681.299988       1.11099720    
   681.320007       1.09969950    
   681.340027       1.00552499    
   681.359985       1.10027099    
   681.380005       1.03420353    
   681.400024       1.15448940    
   681.419983       1.07536471    
   681.440002       1.04862082    
   681.460022       1.06944907    
   681.480042      0.994057178    
   681.500000       1.15041625    
   681.520020       1.04633975    
   681.540039       1.07560289    
   681.559998       1.04333580    
   681.580017       1.14016724    
   681.600037       1.11346412    
   681.619995       1.03586483    
   681.640015       1.07521760    
   681.660034       1.07557774    
   681.679993      0.947493911    
   681.700012      0.940598130    
   681.720032       1.06209195    
   681.739990       1.02012956    
   681.760010       1.04851127    
   681.780029      0.964080870    
   681.799988       1.01645100    
   681.820007       1.06441927    
   681.840027       1.01340318    
   681.859985      0.994538903    
   681.880005      0.977403879    
   681.900024       1.02703702    
   681.919983       1.02793896    
   681.940002       1.00867867    
   681.960022      0.966086090    
   681.980042       1.04757988    
   682.000000      0.976740181    
   682.020020      0.919502616    
   682.040039      0.939781070    
   682.059998      0.914601505    
   682.080017       1.00724351    
   682.100037       1.04894066    
   682.119995      0.999412537    
   682.140015      0.956647158    
   682.160034      0.899957538    
   682.179993      0.894909620    
   682.200012      0.955133319    
   682.220032       1.01522171    
   682.239990      0.866097152    
   682.260010      0.948860884    
   682.280029      0.897084296    
   682.299988      0.872865498    
   682.320007      0.923165917    
   682.340027      0.855648696    
   682.359985      0.906729937    
   682.380005      0.955138385    
   682.400024      0.938260615    
   682.419983      0.893871844    
   682.440002      0.876231492    
   682.460022      0.835877419    
   682.480042      0.982877612    
   682.500000      0.914525390    
   682.520020      0.921493649    
   682.540039      0.934533238    
   682.559998      0.939847171    
   682.580017      0.942059278    
   682.600037      0.956765354    
   682.619995      0.909143209    
   682.640015       1.01705694    
   682.660034      0.907676995    
   682.679993      0.975918710    
   682.700012      0.930339336    
   682.720032      0.893832624    
   682.739990      0.995899022    
   682.760010      0.969136059    
   682.780029       1.02977669    
   682.799988       1.04567683    
   682.820007       1.04092705    
   682.840027       1.09013057    
   682.859985       1.05806041    
   682.880005      0.949202538    
   682.900024       1.06584752    
   682.919983      0.994615078    
   682.940002       1.04790056    
   682.960022       1.02200389    
   682.980042      0.974600732    
   683.000000      0.962806761    
   683.020020       1.02751029    
   683.040039      0.978042722    
   683.059998      0.935781181    
   683.080017      0.939191699    
   683.100037      0.951939702    
   683.119995      0.952971280    
   683.140015       1.04138994    
   683.160034      0.893204868    
   683.179993      0.924588323    
   683.200012      0.916578531    
   683.220032      0.790377855    
   683.239990      0.898928106    
   683.260010      0.803657353    
   683.280029      0.883039296    
   683.299988      0.731336653    
   683.320007      0.743223846    
   683.340027      0.727741241    
   683.359985      0.689503312    
   683.380005      0.631809473    
   683.400024      0.750379205    
   683.419983      0.744638801    
   683.440002      0.594930410    
   683.460022      0.752115965    
   683.480042      0.710223913    
   683.500000      0.612591565    
   683.520020      0.615706444    
   683.540039      0.731741548    
   683.559998      0.659388661    
   683.580017      0.567182422    
   683.600037      0.524719238    
   683.619995      0.535292983    
   683.640015      0.452093095    
   683.660034      0.606444776    
   683.679993      0.549130619    
   683.700012      0.550236762    
   683.720032      0.559849739    
   683.739990      0.497379780    
   683.760010      0.491518766    
   683.780029      0.488778204    
   683.799988      0.518667698    
   683.820007      0.424369454    
   683.840027      0.568194330    
   683.859985      0.377218127    
   683.880005      0.446868330    
   683.900024      0.514783204    
   683.919983      0.504435837    
   683.940002      0.419479281    
   683.960022      0.367743075    
   683.980042      0.404556811    
   684.000000      0.458830446    
   684.020020      0.341556937    
   684.040039      0.387179077    
   684.059998      0.416744620    
   684.080017      0.344367355    
   684.100037      0.340629309    
   684.119995      0.348256290    
   684.140015      0.373142093    
   684.160034      0.423938453    
   684.179993      0.368068933    
   684.200012      0.462207466    
   684.220032      0.351730347    
   684.239990      0.393106610    
   684.260010      0.416649669    
   684.280029      0.432321668    
   684.299988      0.331905723    
   684.320007      0.399807096    
   684.340027      0.281037152    
   684.359985      0.373770893    
   684.380005      0.292123377    
   684.400024      0.260484785    
   684.419983      0.363564551    
   684.440002      0.316849649    
   684.460022      0.310061216    
   684.480042      0.332922816    
   684.500000      0.344403118    
   684.520020      0.342587620    
   684.540039      0.372247458    
   684.559998      0.425479293    
   684.580017      0.370961964    
   684.600037      0.336896569    
   684.619995      0.272693187    
   684.640015      0.258415312    
   684.660034      0.208410129    
   684.679993      0.261153370    
   684.700012      0.326271564    
   684.720032      0.287587881    
   684.739990      0.235822380    
   684.760010      0.400856555    
   684.780029      0.170563996    
   684.799988      0.258034766    
   684.820007      0.179503351    
   684.840027      0.339067519    
   684.859985      0.234895289    
   684.880005      0.232663631    
   684.900024      0.222791106    
   684.919983      0.305519432    
   684.940002      0.293997943    
   684.960022      0.274797559    
   684.980042      0.189289600    
   685.000000      0.192582071    
   685.020020      0.181156918    
   685.040039      0.242421985    
   685.059998      0.244963229    
   685.080017      0.280620426    
   685.100037      0.176693663    
   685.119995      0.283513546    
   685.140015      0.260920078    
   685.160034      0.225758180    
   685.179993      0.216430739    
   685.200012      0.231287688    
   685.220032      0.268743485    
   685.239990      0.260825962    
   685.260010      0.131276637    
   685.280029       9.91507620E-02
   685.299988      0.232815564    
   685.320007      0.154888108    
   685.340027      0.142987996    
   685.359985      0.135039076    
   685.380005      0.170058668    
   685.400024      0.137602076    
   685.419983      0.182440475    
   685.440002      0.251359344    
   685.460022      0.163587809    
   685.480042      0.213116080    
   685.500000      0.179073811    
   685.520020      0.171812862    
   685.540039      0.177083552    
   685.559998      0.267418146    
   685.580017      0.171421766    
   685.600037      0.156413034    
   685.619995      0.143581972    
   685.640015      0.129264548    
   685.660034      0.212140441    
   685.679993      0.150187343    
   685.700012      0.210335284    
   685.720032       7.50691742E-02
   685.739990       8.74031037E-02
   685.760010      0.122783840    
   685.780029       9.23055410E-02
   685.799988      0.178724200    
   685.820007       9.09342319E-02
   685.840027      0.201315060    
   685.859985      0.177828327    
   685.880005      0.203033611    
   685.900024      0.149946183    
   685.919983      0.157712787    
   685.940002      0.212038070    
   685.960022      0.137098923    
   685.980042      0.147940800    
   686.000000       6.33645654E-02
   686.020020      0.154446453    
   686.040039      0.129407361    
   686.059998       9.59096029E-02
   686.080017      0.158006474    
   686.100037      0.146494836    
   686.119995      0.121531002    
   686.140015      0.200576425    
   686.160034      0.109148204    
   686.179993       9.04273465E-02
   686.200012      0.126234666    
   686.220032      0.179868400    
   686.239990       4.57887203E-02
   686.260010      0.184207693    
   686.280029       3.62537540E-02
   686.299988      0.108705238    
   686.320007      0.153988108    
   686.340027      0.172278449    
   686.359985       7.81074762E-02
   686.380005      0.221136749    
   686.400024       8.75776783E-02
   686.419983      0.195370138    
   686.440002      0.112582505    
   686.460022       5.63600585E-02
   686.480042      0.109411046    
   686.500000      0.134494066    
   686.520020      0.125917703    
   686.540039      0.207540825    
   686.559998      0.143143579    
   686.580017      0.110090360    
   686.600037      0.139186651    
   686.619995       4.15501483E-02
   686.640015       7.11349472E-02
   686.660034       9.97149795E-02
   686.679993      0.118387401    
   686.700012       9.09043849E-02
   686.720032      0.107656792    
   686.739990       9.12422836E-02
   686.760010      0.130289033    
   686.780029      0.108461797    
   686.799988       8.21551383E-02
   686.820007      0.210371479    
   686.840027      0.141830653    
   686.859985       8.37175548E-02
   686.880005      0.103492059    
   686.900024       4.27758023E-02
   686.919983      0.121314436    
   686.940002      0.160437763    
   686.960022       7.93795884E-02
   686.980042       9.08247456E-02
   687.000000      0.153186440    
   687.020020      0.166005492    
   687.040039      0.169942677    
   687.059998      0.121359982    
   687.080017      0.160519451    
   687.100037       1.48486793E-02
   687.119995      0.118532717    
   687.140015       9.72656906E-02
   687.160034       6.27333298E-02
   687.179993      0.204718843    
   687.200012      0.191598639    
   687.220032       9.37022790E-02
   687.239990       5.23409955E-02
   687.260010      0.148587167    
   687.280029      0.113768585    
   687.299988      0.164295569    
   687.320007      0.106176592    
   687.340027       3.23807895E-02
   687.359985      0.120502464    
   687.380005      0.102085240    
   687.400024       5.69117069E-02
   687.419983      0.128910154    
   687.440002       6.69433177E-02
   687.460022      0.165471703    
   687.479980       7.28807822E-02
   687.500000       9.53759700E-02
   687.520020       7.43920729E-02
   687.540039       6.76927567E-02
   687.559998       8.93817544E-02
   687.580017       6.68819919E-02
   687.600037       8.77086744E-02
   687.619995      0.164941043    
   687.640015       6.38108104E-02
   687.660034      0.132048354    
   687.679993       8.10119212E-02
   687.700012       4.93386090E-02
   687.720032       3.15417498E-02
   687.739990       5.12890294E-02
   687.760010       6.52101338E-02
   687.780029       3.85070220E-02
   687.799988       8.08057636E-02
   687.820007       5.79102747E-02
   687.840027      0.135882124    
   687.859985      0.178404421    
   687.880005       3.00258249E-02
   687.900024      0.130198270    
   687.919983      0.136472538    
   687.940002      0.131207690    
   687.960022       4.05126587E-02
   687.979980       7.30705112E-02
   688.000000       9.60196406E-02
   688.020020      0.104122929    
   688.040039      0.118421040    
   688.059998       9.87729356E-02
   688.080017       7.59484768E-02
   688.100037      0.118974306    
   688.119995       9.87443477E-02
   688.140015       8.05288404E-02
   688.160034      0.122906409    
   688.179993       2.88462043E-02
   688.200012       3.56265903E-03
   688.220032       7.19390213E-02
   688.239990       6.33795410E-02
   688.260010      0.243538529    
   688.280029      0.124508493    
   688.299988      0.190618455    
   688.320007      -3.52185741E-02
   688.340027      0.124048173    
   688.359985      0.122997291    
   688.380005      0.141099691    
   688.400024      0.106708132    
   688.419983      0.106095873    
   688.440002       1.86667293E-02
   688.460022       8.28239024E-02
   688.479980      0.184523165    
   688.500000       6.49239719E-02
   688.520020       6.35135919E-02
   688.540039      0.122428022    
   688.559998       8.14409032E-02
   688.580017      0.126783907    
   688.600037       1.88030750E-02
   688.619995       6.79740161E-02
   688.640015      0.143497601    
   688.660034       6.09295070E-03
   688.679993       3.06602195E-02
   688.700012       8.18743855E-02
   688.720032       8.18003863E-02
   688.739990      0.109941095    
   688.760010      0.152123168    
   688.780029       6.97873533E-02
   688.799988      0.117005356    
   688.820007      0.187675238    
   688.840027       4.56865802E-02
   688.859985      0.133423686    
   688.880005       6.52891994E-02
   688.900024       4.74903062E-02
   688.919983       7.33865798E-02
   688.940002      0.204183787    
   688.960022      0.110816732    
   688.979980      0.149049357    
   689.000000      0.150350928    
   689.020020      0.153378233    
   689.040039      0.140340254    
   689.059998       5.30910455E-02
   689.080017       5.05434833E-02
   689.100037      0.128566310    
   689.119995       4.40223813E-02
   689.140015      0.103696778    
   689.160034      0.167693853    
   689.179993      0.106810287    
   689.200012      0.116380967    
   689.220032       5.46670742E-02
   689.239990      0.168525904    
   689.260010       2.06043050E-02
   689.280029       2.08541453E-02
   689.299988      -3.34358886E-02
   689.320007       1.17413700E-03
   689.340027      0.124616131    
   689.359985       6.06122725E-02
   689.380005      0.127698645    
   689.400024       7.35739842E-02
   689.419983      0.178113014    
   689.440002      0.118356459    
   689.460022       1.70906335E-02
   689.479980      0.194193453    
   689.500000       5.98591976E-02
   689.520020      0.108360313    
   689.540039       4.19151187E-02
   689.559998      0.110966235    
   689.580017       8.19510221E-02
   689.600037      0.104519323    
   689.619995       5.20291291E-02
   689.640015       9.70954672E-02
   689.660034       9.19382423E-02
   689.679993      0.156493306    
   689.700012      0.142924279    
   689.720032       6.09456077E-02
   689.739990      0.189239115    
   689.760010       3.91900428E-02
   689.780029      0.123820342    
   689.799988      0.133902282    
   689.820007      0.123666957    
   689.840027      0.129187778    
   689.859985       6.75320253E-02
   689.880005       5.43499365E-02
   689.900024       7.52614513E-02
   689.919983       6.43954128E-02
   689.940002      0.129706815    
   689.960022       3.56030837E-02
   689.979980       6.03077523E-02
   690.000000       7.05314577E-02
   690.020020      0.182418346    
   690.040039      0.129677117    
   690.059998       9.49778333E-02
   690.080017       4.48624007E-02
   690.100037      0.192364722    
   690.119995      0.124916211    
   690.140015      0.135830611    
   690.160034      0.154966593    
   690.179993      0.101755798    
   690.200012      0.148363978    
   690.220032       7.38555342E-02
   690.239990       7.75611252E-02
   690.260010       8.67084786E-02
   690.280029       7.91462287E-02
   690.299988      0.146176457    
   690.320007       5.06539494E-02
   690.340027      0.132318944    
   690.359985       5.77102341E-02
   690.380005      0.163020402    
   690.400024       3.23207751E-02
   690.419983      0.128969833    
   690.440002       1.84910819E-02
   690.460022       7.23132417E-02
   690.479980       9.39221755E-02
   690.500000       5.72979227E-02
   690.520020       6.17067777E-02
   690.540039       7.39477053E-02
   690.559998      0.145490021    
   690.580017      0.171154559    
   690.600037       1.96348131E-02
   690.619995       5.61777242E-02
   690.640015       8.34398493E-02
   690.660034      -1.70642883E-02
   690.679993      0.110484585    
   690.700012       3.38923186E-02
   690.720032       8.02831426E-02
   690.739990      0.123951808    
   690.760010       8.82791132E-02
   690.780029       6.12977557E-02
   690.799988      0.107148789    
   690.820007      0.189997464    
   690.840027      0.163966030    
   690.859985       3.31633911E-02
   690.880005       3.88894491E-02
   690.900024       9.68044102E-02
   690.919983      0.104506791    
   690.940002       3.04124057E-02
   690.960022      0.110710219    
   690.979980      0.110008612    
   691.000000       9.15524438E-02
   691.020020      0.106934741    
   691.040039       8.28351527E-02
   691.059998      0.138231426    
   691.080017      0.135692284    
   691.100037       6.73721731E-02
   691.119995      0.148294836    
   691.140015       7.22565353E-02
   691.160034       5.99732324E-02
   691.179993       9.99655575E-02
   691.200012       6.25233501E-02
   691.220032       9.12605301E-02
   691.239990      0.174283087    
   691.260010       7.07831383E-02
   691.280029      0.147449583    
   691.299988      0.147050083    
   691.320007       7.16109797E-02
   691.340027       9.51436535E-02
   691.359985       9.10698771E-02
   691.380005      0.119770452    
   691.400024       4.93615940E-02
   691.419983       3.48268673E-02
   691.440002      0.112469308    
   691.460022      0.182077318    
   691.479980      0.154407382    
   691.500000       4.84026670E-02
   691.520020      -4.69945297E-02
   691.540039      0.106393844    
   691.559998       8.68582353E-02
   691.580017       8.70216191E-02
   691.600037       4.48029414E-02
   691.619995       3.88233177E-02
   691.640015       8.79142955E-02
   691.660034      0.107630037    
   691.679993       7.06730932E-02
